1111111111 6116111. 160. 111611. 181. 1661111111. 1861111111
61166111 661111. 167. Ut 1611161661. 1681116111 1111. 1761111111.
1111111111. 17611 111116 61116. 18011111. 183. Nec. 186. .
Ρ611116111111. 191.11111911- 6111116611. 196. 111611.
191. 1111111111 11111611. 198. 11116161. 20081111. 203. Noe
.- 111661. 207. 0116111116 perdid. 1111111111. 208. 111111 111.
209. Nam 16611 666 11116 61116. 166. 211. 11161161 1111111.
213. Fas 111 1191. 217. Ε (7 sub 111.) 11. 225. 611111 16111.
226. 1161166111. 230. 1111161111. 23311 layum„ 237. Μ1161.
238. Nunquam. 239. 66111166 tibi 11161611 11111111. 249. Nos
1111111111 1616611116111166111. 261. 11911161 1116111. 26611661

. 1111116161. 269. 611611. 261. 16161116. 263. 6161611.

1 268. At parat. gl. pr. 111161 1111116161. 274.Ρ1611111...1611··

³ 111. 277.Λ16116111111611111611 6616166111 1611111611 11161. 278.

3 11116111 1111161111. 2821111611161166. 28611611661111. 291.

1 11166611. 292. ’1111111661 16111111 indoluisse. 294. 6661161 (1611.)

ἵ 6111661661. 296. 111 1116611161 magni 1666616161 61111. 298.
1116116661. 299. 16611111. 302. Sunt 161616. 304. 81166161.
-1166 manau. 1616166661 1611611.’166.1116 1611 “
31111196111111161161161. 319. 116111. 322. 1111161111 66111111. ,
11111113. l’ 1111111111 111 11611. - facta 1116116161. 3261111111

j 61616191 1116. 111. 16116116. 111. 111 61- 9⁵-

¹ 166111. 337. 1111161611. 34316111 quod 11111111 1111 1111. 348.

. 1611111611. 363. 616111 11111661. 364161616 1616. 367. 116-
1111161. 368. 61116111111. 3631661161111116616. 1611116611
11161111 11 9111111 11611111 1161111161 6616111

. 1116111111 1661611966116 11161 1116.

3661611116 11611111. 367· 1611116111. 369. 16611611. 371. 6111
1116 6111111116.. 373. 11111116. 373. 1111111161 1111111111. 374,
61111111 11111. 377. 011111 6111.Ι 378. 1111116 111616. 38311111 ·

. 1111 fl. ’3860611161 (111 111). 390. 111111. 391. 11116616.

’ 396. 1111116111. 399.1661111- 11 116116. 401. 1166111 danao·
6111. 402. 6411611661 11 6. 406. 6111611661. 407. 1111111611.

1 409. 66111161. 413. 1611111116 11116166. 416. 1111116111. 42311-

³ 1161161611161. 416. (7661661666. 4321161666. 433. ro-

1 166616661116611111 1111111. 436. 01966 - 1196611111. 437. 6116- 1

¹ 11111 16 116111- 116111111. 443. 11116611. 4466611166111116.
448. 1166111661. 46711111 6166. 469. plane ita. 460. 016·
1611161111. 463. Non 66111 1161 im fraudi. 464. 1111111111
7661111 1111. 466. nim. 611616. 468. Ν6111. 1661611116 11111.
611111.(11Ρῐ. 1110). 472· 11011 331. 473. 11116661611(66π,1ρω.

 

