11451

1441145514 951141,μ 45555 5411414415 81510514 5511514555 quae omisi,

555 1515 55515145.
' ’1.44.1,1,19.555554 1515514. 34. 4191591445.39.95155-
54551. 40. 5151554145. 52. 0114444541. 53. 1415141- -5145145,
, 55. 1151141514ὶ quod· 58. 955555 555. 79. 9451511. 82. 4445 pe-
, 1414 (1). 9095151115. 109. 55151141. 119. mando 441145.
’ 120. 5511554 95511 referre 45555. 127. 1.. 54515 511.
.· 1,2,11.5141541-514115. 12. 5115515 414444. 4511111. 60.
.³· turba 45541445. 7154444114555451511. 73. 1555114445. 77. 95544
..95551515 78.,544445454. 81. 55515. 85. 5445592. 5515
Δ . 95511.. 93. 5111 95515. 9715445111 14511. 55555545. 101.
’ (155115545544545445, 1065145151. ·. =
1, 3, 8. 5519515 555115 49. 95114551451415. 51. 115. 61.
955 ’91595155 68. sine interductu. 59. 5544154145 4595115515-
“ 1945 55145. ’77 et 78. absunt. 90. 4551141145 59155.Ι 95. (15-
’ 9151. 97. 55155155 4415514955. ’
² 4,(155 55951.) )5. 5191515. 17. 8511444. 22. 951551 5.
515445. ’27. 1555554 555555. 5, 7. 9515145 9155514. 8 Off.
’ 5455 15. 26. 1151555559. 31. 55 15145451. 41. deest 551.
„ 4405555145415. 489551. 5..1955155ι 52. 9555451. 78.
5191411545 1 ·
3 6254554515 11. 11555151. 14. 9514515. 23. 1155945115
,55 2611151. 274144541511155. 291151.’
’7, 9. 1145515 5111541. 27. 5415 4194.
‘ 8,.2551551555.13.55155411515. 14. 9115595. 22 9544455
’ 515. 31. 1519455555. 3414554155. 36. 4444555151. .
' ’9, 1. 5415554414. 2. 15941. 24. Quo 44551- 54 45115. 31.
· 94455. 49151515. ’
” 10, 5. 1155. 19. 55141114. 21. 1511415. 24. 1514449541. 41. 45
· 511. 461514. 47. 544449459αᾶ55. 48. 14514515. ’ ·
„1.‘11‚19. 51141511. 11145154521141545 ³
. mmmm 54544 1⁵. mmm. 1544444514.
,4019141455 5895559151. 61. 0151. 63. 8555495. 'Imm
.· «1555155445. 86. 95556551. 87. deest 45415. 88. 45455. 83.
, 14515545515511. 5511511. 88. 5455. 99. deest 545. 104,
’55444 511. 109. 1155551455. 123. Atque 155455 545 45955 551,
’γ 130. 4511. 145. vetat. 154. 55444. 1571115155. museto
⁴ 5554. 167. 0115455195. 1171. 55151. 173. 554. 144 5519.- 201.
5549155. 209. deest 51. 22514944.. 2155444114. 51515451.

 

