¹ XXIX

235. 3331539333. 239. 333333 31111333 13353331. 243. Noc.
245. potorio. 24813951. 252. 35113 noym. 268. 5113 33333.
270. 53331. 271. 31 coptos. 273. 11535133 31 ooo. 281. 33331-
153. 285. 3333533133. 289. 3333333351. 209. 13335333 113333.
300. 33333. 315. fulmodo. 317. 3333315151. 347. dommo 1.
391. 3333333333. 392. Aoo. 4101331331. 442. 3133135131. 448.
Hoc—noyon. 456. 313331. 494. poeno 331 ooo. 5011131153.
523. Sic quomo 33333. 52511331333333533. 535. Non. 536
1315153333. 554. Quodque. 563. Ν33. 569. Non 333313. ia.
311. 570. 5333131. poto. 574, 333333. ’
13133, 1, 5. Ν33. 6. 33131113. 7. 1333533333 3333. 9. deest 1353.
26131333. 29. 1333333117331. 31. 355 5113. 43. 111333. 331
331 quo& 46. 5313. 48. Servate 353. 53113351. 5811531333.
62. deest 31. 7533151335. 77. Deprecor. ' ’.

2, 2. 03333333. 20. quomo. 1. 27. quosque top.

3, 9. Neo d. 33133. 32. 3333333331. 40. 333333 3351. 57. molo
333131. 61. 35 forto: 67. Noo 333931. 75211515 31333 13.
3335133313. 85. 3331 mom 335135. 86. 3153133315.
13.1Ῑ333513333.19.313133333. 48313513. 5233555331. 56. ’
33331. 67. motumque. 70. Alloquor 74. Abona. 75.
133333.

58313313331333. 10. 3353333. 12. 3333331. ..20133151 48.
1333333533. 55 113333. 331. 355133. 33133. 56. 3335333.
6,.9 3333313393(1).11.13333363κ1).13.335333. 17. oo·
111313. 34. mim 331. ’

7,.6 33333333. 51313135333131333. χ
8,1. 2135131. 333113333333313. 12. 3313313133. 24. Hm.

35. 31 deest. 37. 1333- solamque.

9, 6. 3135315. 13. 3. 33133333 1. 1813351. 34. 333513. 33333-
335333 33333. , , ’

10, 1. 53153 memor 331, 6. 0333313133. 8. 1533351153. 9. oum ι
deest. 15. modom prior. 1615333. 18331313133313313. 24.
1333133. 26. 3135533133. 27. 3135 ooo 331339. 29. 5315333
531333315133 13331. 34. 8333333315. 51113333 (1333333367.
11335 quoque.

11, 1. 5333331133. 13. 8533331333. 19. 333131. 3331333313. 21.
quamvis. 26. 3533333 3331333- premio. 27. 3331 13331313 131.
3133333133. 33. Ρ. 333. 33133 dest. 5333333133,
02. 113131333ιί333 m. 331. q. 64. ovonem. 66113313. ²,

 

