xm

t 1131313131. 33. [31333113. 34. Α331133-·1331. 3131113313
31331113. 38. Esse. 391313. 42. 1313111. 45. 313. 49. ut 1113.
Ι’9, 1.1331133331331131.1.1331331. 2. Q... 13313. 1313113-
’ 311333 3311. 16. 3113313. 21. 333 adm. 24. Qualibet 331133.
21333 33131. 2731331133-1313313. 31. 1131. 3113313133
’ 331331. 33133 et 1. 39.1.11131331313,Δ,3133 11.-3131. ,40.
313 331133. 41. 11331111333131. 1. 1333. 44. 331. 3111. 52.
11333333 3113 3331 notitiamque 1311. 13. 3313 331 t. 1111113311·
111333. 56.“Ε33311131,131-31, 3313. 58. 333 3133. 61. 13111
“ 1313313. 66. Qtto 33313.

10, 0. 33311131 3113. 7 3311111111. fert 31333 3331133113. 81313.
9.1333113.13.Η333 333333(3313133.) 15. 3311313-31131133.
18. 3311113. 19. 31313313. 21. 31 11113113313 331 3113311311-

1313 331. 22. Hactenus 331 3131313313. 2413113311. 25. 3313-
’ 313. 261333333. 29. 31111333 131. 30. 5111333 3333. 31.
’ 11333313. 3311311133 333111. 35. 1333313333. 30..1313
3311. - 3311311. 37. 3313333. 39. 31313131. 4131311. ott·

3131. 42. 33313111. 433331133113131113. 47.3131313331131 -

χ . 3113310131331133
11, 2. 33113113. 31131 113133(1)331. 1133133. 8. 0131.

14. 31113313. 16. 3311. 19. 31111331. 23. 3331313. 30. Et (in
ras.)ttt. 31. avideque 31113313 133. gl. 1 3111113313.- 113-

13313. 37. 3311331333. 3913 1311113333.
131. 2, 3. 031 meat. 1. 31311331. 8311113313133- atto
· 11133.11.31133. 1231331131. 131313333133. 11331111-
3333. 16.1.333313 3333 1313111111 1718111331 31 3131113133.
19. 1331311313. 21. 13133. 1111131. 28. 31311. 1313. 33. 331131.
31131313. 40. 333133. 4131311313331113. 4213331. 48.
Ρ313 31313113 (13 133.) 131331. 49. 311133 3331131-3133131.
1 51. 331 33313. 331 3313133331. 551133333131313. (11.1·
· 1133 311333133333331131133. 6233311313. 6913111373.
Η3-31111131131.79.03113133 33301133) 3331113 quae (13 133.)
13. (11. 1313311113331333331113111111331333331313,111313311,
’ 3333131. 8013311313 33333311. 82. 113 133133 1331. 84. 133.
80. 333 33331313 33311. 113313. 87. 3333111331 311 otta-u.
89.3131.91.1333313 (3311.) 313113.98.13111113.100.13«
31333. vana (133.) 1061333 31113. 1091113 3311131113113.
. sot 331313 1113 31 33113. 33133113 est. 117. 3111331. 11813
3113120333331313.122..83311331333313.126.113.137
311113138331311111.139.331133133.1113311333. 1431311
, 1333313331. 143. 31311. 148. 8333 3133. 149. 3313159.

 

